[np.array([[[194, 188]],

       [[194, 191]],

       [[193, 192]],

       [[193, 197]],

       [[197, 197]],

       [[197, 194]],

       [[198, 193]],

       [[198, 188]]], dtype=int32), np.array([[[236, 184]],

       [[236, 188]],

       [[235, 189]],

       [[235, 194]],

       [[239, 194]],

       [[239, 190]],

       [[240, 189]],

       [[240, 184]]], dtype=int32), np.array([[[195, 180]],

       [[195, 185]],

       [[199, 185]],

       [[199, 180]]], dtype=int32), np.array([[[237, 177]],

       [[237, 182]],

       [[241, 182]],

       [[241, 177]]], dtype=int32), np.array([[[197, 169]],

       [[197, 171]],

       [[196, 172]],

       [[196, 177]],

       [[200, 177]],

       [[200, 175]],

       [[201, 174]],

       [[201, 169]]], dtype=int32), np.array([[[ 83, 169]],

       [[ 83, 173]],

       [[ 89, 173]],

       [[ 90, 174]],

       [[ 97, 174]],

       [[ 97, 170]],

       [[ 90, 170]],

       [[ 89, 169]]], dtype=int32), np.array([[[ 67, 168]],

       [[ 67, 172]],

       [[ 73, 172]],

       [[ 73, 168]]], dtype=int32), np.array([[[ 51, 167]],

       [[ 51, 171]],

       [[ 57, 171]],

       [[ 57, 167]]], dtype=int32), np.array([[[ 43, 166]],

       [[ 43, 170]],

       [[ 49, 170]],

       [[ 49, 166]]], dtype=int32), np.array([[[ 25, 165]],

       [[ 25, 169]],

       [[ 30, 169]],

       [[ 30, 165]]], dtype=int32), np.array([[[ 10, 164]],

       [[ 10, 168]],

       [[ 14, 168]],

       [[ 14, 164]]], dtype=int32), np.array([[[239, 163]],

       [[239, 166]],

       [[238, 167]],

       [[238, 173]],

       [[242, 173]],

       [[242, 170]],

       [[243, 169]],

       [[243, 163]]], dtype=int32), np.array([[[  1, 163]],

       [[  1, 167]],

       [[  5, 167]],

       [[  5, 163]]], dtype=int32), np.array([[[198, 160]],

       [[198, 165]],

       [[202, 165]],

       [[202, 160]]], dtype=int32), np.array([[[240, 156]],

       [[240, 160]],

       [[244, 160]],

       [[244, 156]]], dtype=int32), np.array([[[201, 141]],

       [[201, 147]],

       [[200, 148]],

       [[200, 152]],

       [[199, 153]],

       [[199, 158]],

       [[203, 158]],

       [[203, 155]],

       [[204, 154]],

       [[204, 148]],

       [[205, 147]],

       [[205, 141]]], dtype=int32), np.array([[[243, 135]],

       [[243, 141]],

       [[242, 142]],

       [[242, 146]],

       [[241, 147]],

       [[241, 153]],

       [[245, 153]],

       [[245, 149]],

       [[246, 148]],

       [[246, 142]],

       [[247, 141]],

       [[247, 135]]], dtype=int32)]
